27
0 173 9883 45.523049 122.754873 154
1 1570 9847 45.520829 122.768711 152
2 2821 9862 45.518505 122.781119 151
3 4048 9849 45.516412 122.793418 152
4 5153 9804 45.514744 122.804652 150
5 6403 9882 45.511928 122.817150 150
6 7770 9834 45.509923 122.831284 150
7 8457 9810 45.508873 122.838359 148
8 9302 9883 45.506855 122.846894 149
9 10505 9848 45.505035 122.859380 148
10 11552 9817 45.503391 122.870285 146
11 12696 9840 45.501231 122.882124 147
12 13781 9845 45.499364 122.893351 144
13 14600 9822 45.498154 122.901908 145
14 15790 9832 45.496039 122.914281 144
15 16806 9885 45.493965 122.924649 142
16 18163 9890 45.491708 122.938702 142
17 19240 9847 45.490245 122.949917 142
18 20822 9831 45.487808 122.966253 142
19 21721 9844 45.486271 122.975445 142
20 22282 9816 45.485650 122.981233 140
21 23033 9879 45.484035 122.988741 142
22 23994 9867 45.482640 122.998495 142
23 25409 9875 45.480449 123.012745 142 
24 26491 9818 45.479244 123.023691 144
25 27379 9902 45.477358 123.032234 142
26 28659 9841 45.475938 123.045033 141

